न्दडूडश्वीब ऩख्याश्लीब्र ०1१31४1 444 : 21414 भी अडिल्ली
214144414 414
44141414 414 441444 414414 441511 9114414 419114 144414 41111 4141441 4141911411414- 414114141414: “4144144 9114
14141144 41414 ३13६1 41.4 41 1’ 144144 4444 444 14141 1111411441, 191414441414 डिबि 414414 ३७थू 9114 1414141414144
कालि4144 414414414 49114 4914 414141414 1 144 91441144144414 14 41144 444 4414 41191114 14144 141141 414114
5141414411 ७७1414 41544 9114414 4144 14414114141414. 4‘1414 414 4141414 4444 441144 4411441 1 414 बिनि

झाचाद्रुहृन, 414 14141 14141414 4141 41441 4141144 1441 44 1444 41 4414414 414144 444441, 444141 14144414
4444 44144 154 414144 41414 । क्रि७ वहेथानाद्ग 4414 4441414 141114 414 144114 14 441 414141 4144 1’ 44 414141414
44414 141444414 41413 1411414144 44414, 44441144 4414 4141911144 41414 यिनि 491144 41414 14141611444
41414144 1 4441441144 1441414 44414 414 44144 1414144 4141 41414, 1111144, 44144, 44414 टिन 414144 4141
491144 141414 ‘41441’ 16114144 414444 41141414— 14144414141 41614141444 4114119114114, 41414414 44, 4144114
41214144 41441 441 41141 144 144 1 144 414144 41141 1414 ष्ठिनि 4141144 ‘4414
41419114114, 4114444 41411191141144
०11७1 4441414 41414114 414 41414 4144 41414 4414414,— स्विच' 4‘4 144, 414 44 4141 कुहू 41444141 2114414 414144

ग्लिछि, 91144114 9114411७1 14441 91141114 ७ 41914 । 414 444 444 1414144 44 414 41, 144414414: 14 44 41414 414 91114
211414 4414141414 बिबि त्मान्थनबि 1414 जा बूदाद्रुख 9114144 41 1 41441 छिन 144 1414 4114 1444 414 44414 डिनि 'वाडूबिथि
414 444 डिनि 414114144:
1414 91111 4144 441414 4414444 414 1’ 1414144 44 14141 141414 ३३७'21हि७ 41414 4144“‘
4144 प्ल७1७1ऱ1 निभा…७1 भी 414श्न‘1 14411414144144.1444 414144 4141411414 14 444414 4144:1 भी 444114141414 441
1414 4141414 414 41414114 21414 414144, 9114414 ७1 144114 41444 41 414 91114 411 444414 444 414:4 4414
441414444 414144 4144 141444 4114 4114 414 ७ठेद्रु७ 41144 4144 4141 1’
441114144 41414141444144 414 9141414 414441 911441 41414 4444414144 444 4414 91114441 1 4444 14141 414

14111144414 बम्मिनो थाद्रुष्ठहृब 41 414 4414414 4114 44144141414144 414 141141 414 4414141141414 1414 414414 414414
41444 44114 1 14 914144 1411714441144 2141141111 414 44141 1414414414 4441 4141144: 424114411 141117144414 41441
44 444 414144 4414114 414 41444 1441414 441 टाका हव्या 21414 4141414141 ल्कि७ 414 1414441 4114 चंबि८1७ 414
4141144 414171L131144141’44414 414 1414 ‘44444’ 14 L1३4414 4114 444, 444 14414 4141144 1441 ३1७1 144
4141 ‘414 144114414, 144414 44441441 14 1441444141 44, 21414 14 4414114 41414 4141 1414141
411144414 4114 414414, क्रि७ 14 44144 14 414414 211441 414144 414 4141 नि ट्यस्थाव्र 4141144 411914 41411111
३ अ) 8-444 41214 4441414 141444114 जैगुत्हुँबमागुयाक्षा । 44114414 14 41444 1414141414, 411414414 44: 44414414 4414114
4144 144144’ ७ 44144 1441441414114 144 41411441144 414 १1७ शिव्या । 4114 414414414414 ३७1डिनऱ1 क्तद्रुव्रहिद्रुल्फा
1414 414 91414441414 ष्ठाहद्रुब्व 441441414 414414414 414141414. '७ 1414 44 1 4141144 444141414 41441 1’ 414
4414144 41419114114 1 444 14141 9114 14444 1441144 9114414414 41414 41444 दृब्त 44444-4, 4141141 414411 41444-1
414141 14444 विश्राम हूँनंबिष्ठाव्ववदृ, जिनि बि७ थोंशंद्रुत्नद्म रहूँबिकाटा खाडिनव्र 4141414141 4141, नणिनौ 441 441 41414 4191414
414141414 441414 ४1७ 14441441 444414 ७ 414 गिद्ध । 41141 414119114114 ७ 444 414 141441 41414144 4414 ७ क्नॉत्माह ।
14444 4141441411414144, 411414 14144114 जूथ 41144 414 44 1441144 4114 प्न1441 441.4 441 1 41.41 441311914 1414
21414 44414141 4141 414 414 411414141414 44— 161441444 441 क्शाडूब्बू 4114 144 41414 4191414 414141414 14444 1

' 21449114 444441 2114141414 44144141 4141161 4114144 45.441 4141 । 1441 ७घू 14 144 4414 441144 141-14 4444
9144‘ 441414 41441 9141491 414 44, 41412144114 411411 441 414414 141441144 911411 44144 4441 4414191141941 91414-91
414 414144 1 144 21414414, 4444 9144 21413414 411441441 1414 1414 21414 41412441, बिट्स 411414414 44114 44144144
4414144 141141 4141 44. 44: 441444114 414 412414114 44144 4414 9114141~ 4414414144 4141141 414141414
4114141614414 21411514 ३1.…७ 91114 1
4414 414 144 44144 4141141414 111414144 हे. 14.414 411444 441414414 ३ ० 14 ३५८८ 8 114144 444444
21441144144 414914 411411414 4141141414- ‘444 411414 441 4114 144‘७11.रु1नि । 4144414144 441441414— द्रुम 1441114
4441:1441144 4444 1414141614414 >144 414144 414 4144 4441144416111 141411 4414 444 1414 11/144 4414—

