61161166 616611 1616 6616— 616 166661666116 116166 61116, 6161661 1661 611616 66166 1616 61161 6161 151166 61116116 61161 61161

66 1 616666161161 66 6166??— 16166 “616‘, 1611616 61161161 सृष्टि 661 616161 लिख 6661 16666 6116 1661 611, 6616116 1661 6661,
612115 161616 61161616166 2116166161, 61616151616 16166 6111611 61616 616 «.1166 6116161 'घूज्ञ ष्ठाखाबिद्या, 66 6161116161 6111616
636166 61166166 6116 66616 161161661161 1”
6116166“ 61616616 616161 616 661166 61161666661166 611616 6661661 611611 661616, 16661 1661611161 61116116 निद्रुप्ली
166616 61616 ष्ठिनि 6611661, 66616 16166166’ 61616, 6166 616116 661616, 1661 61161661116 1 6165 616166 1616116 डाना, 611611
661616 61616616 61166 66 काछ खीद्रुबदृ 66616 66 । 611161661661 16,166 161161 616116616 661116 66666666 6116166 1661611166 61616,
61161161 616—6161 61161116 66161 66161661, 66161 61116 आस्ति 1661 ह. 16. 6116 6111616161 661163166116 16666 66161166 6116161
1611616166 1 जिने मष्टाडि "वृजि 16166 61161161661 616 16116116 66616616 16161 66161 61161616611 61661 2116116611 665 6161661—
616 भूला 66616616 1615116 2116 6166116661 खवू 16116616616 1616116 61161 16 161166 1661, 61176616 66161 161166 61 “66116
611166116 1 61611661: ‘ 611616 6116516 66666616 क्लाद्रुस्त्रह 616, 6111616 161616 161666121661 16161 6661116 16116, 16161 611161 16161
66161116 611 161166, बंडू 161166 61161 6161161661 61161 61626166 61116161 16166 66666661’6 61161 6116166 611666616 611616166 ब्लूष्टि
66616 161161661161, 616 क्यानक्खि 1661 61161161 1’
6616 5665—6 6116161 16616 कीडा 616116161 6161 666666661 21661 स्याह 6661661 166 6166, 161 666 1r 161 16611611 स्याह
61161 पलने 6161 1 66161 > ० 161 16161616166 है बि. 6116 6111616161 661161316616 21661 61165616 6616161, 6166 1611661 21166611166616
16161616 1661, 6166—6166166 616611616 161 6116616 16616 6116161 161161616161 1 1661 1611666 6116 ३ 8 161, विजेटा खाडिनब्र कानूछिक्त

66 616161116 61661 61166, 1611661 661 66166 6111661 61161611616 61116166161 1 161166 2166661166 6166116161616 16611 21661 ज्जलिनघ्र 1
161616 61161, 6666 ज्वालिनव्र 66616 6661 ३ s 616116 निड्डि 66611616 61166, बिड छछचिंद्रुन 6166116116 6116161161 666661
6116616 661 6616 166616 21661 6161 1661 1661 6616166 6661616161 61661 उशा बिन्नखाज्ञक्ती मदृजैवैख मभिखिब्र 6116 61166166
61916616 1 161161616 61666111 ड्डिखूस्कृ न्त्रबिहिठि 61161161 1616 666511 661 66661 66616116 211616166 6116 61661 6161616161 616 116661
661611 611661 616 61611616 6616 61161: " 'द्गस्कृबदृकी' खालिनद्रुव्रब्र 1611616 16166 21661 छिन 1661 611611166 61661166 6116 6666661
61616 66616166 विस्ता 6161616 तृठकृख 6616 6116116161616 66161 66616 6161661 । खार्था९ 66 66661 616 विधु 661616 2116166161
6116161 16161661166 ड्डि'नंव्वक्ति 6161661161 661 6116 1661 16161, 616 6616 66661 66166 166161 61611161156116 616 16166 16616
611661 16161 611, 116161661 खालिनव्र वक्र 6616 166616 6611666 66116 श्व ।" (राना 16116, 61611-6116 616161 16 प्रिफीव्र खाठिन्स्टव्रब्र वाक्या

6161661, 6116 कीआ बित्पाक्शा हित्मान्च 611.6166 661 616116166 6 6116116 6661166 61161166 661166 6161616161— छिड 61166
61161 216166116 6161 6161 61661616 696161616116 61116616 166166 1161611611 66661 6616116161; 6166 1666 1666 161 61616611 1616
611666 616 611616 6116616 16161161616161 1

छे
1661 16161, 666166 2116166116 61166 1661166, 6661661611166 61161 6161 661 616 161161661 1 61616166 6611666161 66 211616611
6116 21666 611616166 6616166 2156 666161 6116 6161116166 2116166161 6666666166 16666 616611 61161161 6616611166 6161
6166116 6161611611’ 6116 ‘16116116’ 616616 6116 6116166116 16666 61611161561 216611616 616 61166 1 1616616 6166161666 616 61166
91616161 1661-— 6111661166161 16116 6116616616116 61661161 6616 616116666 16166 61161 611611 बिवव्र 6116 61116116611 616 6116116 1
616 स्याह 'क्याशांजद्रुखा त्राडिनिद्रुक्तखद्रुन घिद्रुव्र 6116166 16616 616 161161616 6616, 611616 16616 बिदृव्र क्तिब्र £1161 211616666 6111611661 6
61161661 661616161611 61 61166 161616 6661 21131616 61161661661616 616666 66161661, 616 61161 166161616 6116616 61161166
616611166 6611616 बिस्ताहैंर ज्वालिज्ञख- न्दइक्तचोद्म 9116616 61666666616616 ष्ठाबिद्रुव्र 61661 1661 66131 61616111 सृष्टि 6661 1 डीह 61616
21611661161 6166161166 61161166 66666 क्या 6161 616116161, 61166 काकूछै 6161261 1616116, 1661 16126116616 शक्लो ख्याकृप्पूपं
घठेबा । 161 61616, 666311 61166 6116616 916116 61616—166166 हैष्ठख्या 61616 611661166 ष्टान्चदृडा 611666161 21616 6616, 61161661 66166166

6616 16161111166 अलि 1661161 1616 16116166 611611661 6166 61616 6661666 6161616161 1 66 निकर 116661 6161666616 6616
616 61116 1
6116116 61161166 61616116621111 ड्रजैञ्ज लाक्ति छाडिनद्म 6161661 166661 2116 66111616 616611611 661 मृज्ञनटक्लष्टि 6661 616,
61161166 61166 1616161616 6666116 616 थी खालिनद्रुव्रब्र 6116 61661 61611611661 611661 6116 611 1 16616 661 616 गिद्ध खास्थाक्त स्वाद
छालिन्स्टबब्र 616 61166 611761616 16116116 61616 ‘क्या 16166 बिगाडा 1611661 1 6116 6616166 ष्टाठिटिल्या जानारेंन्नाएद्र 61616 616 1 6161166
61%61166 16116 616 बिठा झानिद्रुव्रहिद्रुब्तन : 'द्मस्कृक्लातै ८1३ फाठिनबहे 61666 1616 6116616 1’ लिखु 6161166 66166 61166 666616

