515 15115 515 1 15515 5151551155 5555151 151515 515515 551 15 15155 55155 15155 5115515 515155, 1551 511515
15551 श्यनि । 55 9115555115 5115 515115, 155 515515 1555115 ‘5115 कि 51155 कि 51155 6115515 555 light~5 1555
51 51551151 515151 15515 climax 1 55151515 515 production 555 55, 515 51115 515 ददृबि 511515 51 51151155 55

511115115515 51215 ।
० 511651, जागि 5155155 151515 511915115, 15, 5155 5155916151 5115 55916155551 1911131 55, खानि 5555 51151515 511515 515
51115, 5119151 511515 515155 15, 'कि 555, 551 155?’ 1555115 दि, 5115 5155155 55 51515 15 5119151 5155 5551
5155916151 1515 5155 1 55 155115 511515 155, 55515 5115 5151 55 15115115 155, 5555 5551 515 5115 5551 55 1515115
155, 51 55 15 51191515 5155 515591415115 515515 551— 155115 5119115 51191515 51515 5155 ‘Painterly treat३ 551, 55
5515 515 किटू 5155 1
८ 155, 55 559115 1555 किटूहृ 5515 1551 5131 515591551 55 1 31151 5551 55, 1555 515, 515, 55151 515 1515, 515
51161115151 5551 1515 1515, 5551 1%5’15 interesting 551 515 51 1 515 515 5155 15515 51515 15515151515
5519111511551 155 55155 51115 5151151515, 151515 151515 51155151 515151 51515151515 15 515 51115, 515 515 155
5‘ 51511551’ 551 ‘ 11315 1915’— 15 55 1515 1515 511551 515 151515 1515151 91151 5151555151 51 back drop 51 15155 5551
511551 1 5115 15515 515 51191 555 5551 515 1515 55 1 551 55 515 1515 5515 551 15131 515, 155115 51115 555155 515

515 51 5155910151 1
० एँद्रा, 555 5 15155 511551 555 1515, 155 515 55 155 155155 5551 91515 1551155 5551 5511915155, 5115 5119115155
51155 915115 515 9151 515— 515 55 155, 51155 5551 part 151515 515 51115, 5555 5551 51555 55 1
5 51551 51115 151515515, 15155 515 555 5155511515 5551 5515155 academic interview 1515, 5155291 9115515 1
5159115 151551155 51515 511515 515 5151 55155 किटू 5151 5515 551 5151515 55115115 15115 ‘5156155’ 5515 551
55915 5155151155 51555151, 515511 515 551551 55’—5 55 1515 51 1
० 51, 555151 515’ जागि म्नलान्तबि 55 15515 51, दिल 555 5119115 5151 55155, 555 15515 1515155115 1
८ 5‘11, 515 1515, 15155 1515 511515 515 55 151515 55 involpment-TFT चूत 515 1 555 55915 51115 1515115 51515 55155
5115 515515 1
० 511651 5115, 511515 5156155115 5551 551 55 151515 5155 515, 15 555, 511551 5115 5515, 551 515 5515 1515
51151155 5555 5155, 155 5151 51191515 1515 515 15515 1551 5515 । 151 5119151 555 515 क्या 5155, 555 5119115 515
515 1515 51551155 5155 १ 5115, 55 5111615 511551 51155515 551 51515155 5555 551551 1555151 551 5515 1 15 55
555, 55555155 5151511555151 155 511515 515 कूटा, 511915115 155 551515 515155, 5555 1515 555 511515 1 51 5555
515 11-5551 reference—5 551 5155 ।

टाकी 51115 555 क्या 51515515, 555 9,1151 5151 5115 1515 1 155 155 51, 5115 155515 555555, थि. मि. 55515, दिस किहूँ
स्कानखाच्च 51 1 5115 light 515, 5115 dimer 515, 555 1515 515515155 51 1 55551155 9115 1151515, 55 15 55 555 55,
55 555 15151, 5131 555 5115511551 ’ 155115 2515 5515 1551, 5115115 5155, 555 51155 51615915 9115, 551 155515
15551155 stage lighting 5515 515, 1551 155 5115 published 55, 155 51155 51115 ‘555155’ 1515 5115 दिनि, ष्ठिनशान्त
515 5151 15115151 जिने 9115 51155 5515115155 1 ‘Sixty years of light work” 5551:, 555 51115 5515 555 15115155

5155 515515 51, 511555 5115515 51 1 5555 15 55151 art, 5551 science 91155515 51515 131515, 15 155155 1515515 51 1
5115551 515 51151 51151 55115 किटू 555, 515 55555 151515 155115 15155115 51 5151151 5156115 किटू 55 1 515 1551
515151 किटू ज्जिनिन्तक्ल 155, 1551515 515 55155 515, 555 515 5155 911555 1 551 5915 51515 5515 16115, 15151515
55155 1515, 5551515 515, क्या थिदृक्याद्भा 5115 551 55, 51155 515 55 5515 1 शाहू 155, 55915 55 9115 51151551 5155
55155 5155 1 155, 155 555 55551155 5515151 51151, 15515151, 519115155, 51515 1551, 5551515, ग्नक्रिनौ, 5551 91155
55 5555 51515 5155 515 1 515 511515 515 51515 5515 5155, 1511155115 155 515155, 51155 511515515155 1 1515115
15115 5155151 551151155 515 515551 5515 1515 55155 915 555 1 51, 551155 15515 15515, 151155 1515 1515 1511515
55 9115151 555515 5151 55 555 journal 155 51 1 555 55 किटू 55, 51515—151515 511515 51151515915 51115, 155
51551 इटा 511 55515 5515 51619115 55151 51.5 1515 191155151 155 555 जाडा 'गीति ना 1 च्चारैस्तिहैष्टि 1515 15151 51516155

51519151515 51151155 15155 1515155 55, 55 1555 515151515 light—5 155131 91151515 511515 ब्बूष्टि 1 151 15131 555
important. 15551 51551155 किटू माल्य, 515155 किटू 51515 511515 contribution 51115, 155, 551 555 511515 511555

