'निदृख्ताक्त बिस्साब Function 3313113 513....’
311313133131 : 311313 131351
31131313313 111311531 31333131 131131

० ख्याञ्चबि 313131 213131 3131 क्या 31331, 33131 131 211313313113 131131131133, 331 131131151133 31351 5111331131 1331153 1 31 13131131 13113
131 £13 31331 1313 शाक्ति ये 331 13113513 31 3113391 3111313135331 13113 3113 31131 3351 31331 151353 1313 131131, 31 31131

313131 3113111 प्रे चूंल्ला न्ताथाद्धांडा 1313131, 33131 ठिक 13131 311313113131 ‘ 133 313 9113135 51311531 313 311313113 31131 531?
उ-: 1331, जागि 313131 1311313113 जानि, 33131 31131 3311 33113, ८1 3139113 13131 31333315 3113113 153 311 1 33313131 313131 जानि,
33131 लेख्य 33131313 1311315113 1511313313, 311531 क्या द्गीनाट्यङ्म 3313311 1 ये 1313 33131 3113113 311131 311131 311313113 153 1 किन्तु
आन 5131 1531 311, 131 ष्ठिस्कि स्कद्भुरुँ थिद्रुव्रद्धाब्र 13313 1 31331 311151 3113 ७ 8 डाका 3133 11131 3313131 311151, 31131 11313 3131 1 3113

131 11131 २ 31131 91135 1313 1 313113, 1113913 5131 13133311133 लिखाना छक्का 1 311315 31113133 3311 33131 311311135 1531' 311 1 3113113
3113131 भजि 31131213131 31133 311131 3333353 513 3113 1 3333333 31131131531115 णिद्रुक्ताद्रुव्र घूस्कृ 551

० खवू 'व्रस्कृक्लरैमे' 3113 1331531131 33131 13311 31131, 313 13311 311135 1331153313 31331 91313331 5135, 33151 निशक्त 5135, 315 3131
दि है;
८१ 35 9113333131 3131311 311131 313 1113151 3113331 153131 311 1 3113113 3115 311151 153131 113331 3113113131 1 315 333331 Painter-

क्या घृष्टिउश्रि 13113 311131 313151 33113 11351 3131531131 1 1111331131 351331131 किन्तु @1131 3113131315 3131 1311531 । नाठेद्रुक्ल 311311 13113
31351 31313 शाबिनि, दिल दृन्दनिद्रुतृद्रद्म स्थिदृ 13113 13131 311 313 1311531, खा 13113 311151 31115133 113513151 191131153131 1 131, ठिक कि
3113113 331 3133! £133 131311131 313 1511233 31131 £13313 311313 3113113 911131 1513131 31315 1315113 जागि 3133311313 3313

19113153131 1 31331, 1315 313131 3113113 13131 31133331 153 311 1 किह ष्टाहुब खाहष्ठिसा 1531 1 311315 135 313131 3119113111 131 ठिक 13
5131153 33113 91133 311 1 छिड 31131 131311513131, 31133 21131133 3113 333 33131313 13113313 13113 11151 31331311331 51311531 1
'आबि 1333 35 911313151 33113 'बाबिनि । काला ड्डिखब्र 3331313 131131513 311131 331313 13131511 1 3113113 13311 213131 1311311513 5135
‘ 1313’ 1 313913 "स्नायु 'प्याक्योंहिन्दू 15111531’ 3311311 313 33315131 53 1 33131 3113 दि उतारे णीत्सारुँ 3313 91113, 311131 151313 1315
13313 आबि । क्याष्ठा 311131 1313131 1353113 13131131 1 जागि गिगिव्रचाबू ट्यथिनि । ष्ठिनि 313131 3153113 311131 91113 31153131 331531,
33131 13 «133331 31131131 33131, 13113 311, 151131 313 1315, 3313 311331311 31331 1 311151 311313 3335 13131313131 1311153 3113131 1 315
1933331 311331111 3315, 1351 3113 3113113 133113 13 31115 १ ८1 1313 3113 311131 3115131 1 शक्ति क्या निद्रुफ्ला 13331 13131151 51313113

छिडूह 3131 1 31131131 111333 131 1513131 513113331 31115, 131131 13113 1313113 91113111 1 311313 513131 313131 213131 1311311313 13131,
33131 1531 Box set, £13131 Box set 131 बिड 131 313133 3113113 13131 3113111 1531 311 1 3113 खानि 131 11131 कि 3315, खा७ 3113113

13131 3113311 153 311 1 313913 जानि 313131 ‘91331 131311’ यहि 33131 लिख 311131 31131 3119113151 131131 13115, 31313 stage depth
3113 3131? backstage कि १ wings कि १ ﬂy दि १ श्याष्टापां 13531 3113 3131 । खास्ता क्यास्वा 313 3113113 3115 31151131 1313 1 छिड
"नूफूब्त 131311’ 313131 जागि 313, 33131 31313 31131131 51133 31111131 333 135 213131 311151 311331 1313 313 1 3131 रा 31391313113113
111313 13113 1 31131131 दिल 13131 3115133 back ground 13151 3113113 3115 33133 31131 513115, 131 3111513 311 2113113351131 313
31513 13131 ज्जिस्मि त्मानुआब्र 13151 प्याबि स्कान्धछि 131, 3331 3111313 313131 13131 साले-धि 311131, 33131 लिख 3331 131 3315 311131, 313
31131 13131 33 3133 311131 3111 3113 न्चक्तू दाक्रब 313131 311131, 33131 3131 531 “3133’ 1 1115313121 “313325133 33131 3113113
क्षकांसो ठबिब्व 1 35 3133 बिह 313 313131 311513 13131 1313131 33331 313 13113 91113 3111 133111 «.1315 set-£1?! 1313133 313121

311513 311 313533 531 311, 311131 133131 13131 दिवाले निधि 3111 31113131351331 13113 911313151 35 3313131131 131, जानि द्रुमडाद्रुक्त
बिलालिब्लज्ञभ 33115 1 313113 13151 1331131, 13311313131313 31351 3119113 311131 311131 131113 1331131 133113 131 511 £11315, दिष्ट
खाब्वखाद्रुव व्वक्रा 33131 133113 13151 31111313131 3131 1 1313131 प्लाजा 13131 12313 531, छिड 131311131 31351 ‘131331’ 131315 311313; 1 13131313
31131 1333311351 Disturbing, 31331, 1333111313 51311 9113 1 3113131 131131 131515311 1 किह ज्जाखाक्शा 1315151 311151 'चूंफूब्त 13131131.
21311315 1333113151 31131 313 1331311 31331 31131 3115133 background—B15 1531 प्रे 31151311 313 311311 किटू 33 313513
3131531131 1 311 3513131 {513313113 313121 31115133 31133 3115351313113 33131 31131 1 3113 3113 13313 Painting-£1?! Liner colour
द्धाद्रुक्त जागि गृव्वज्ञड्डू 1513113 131311531131 1 3131 313111315 expresive 311311331 331 9113 1 Line 515131 3351 31131131333
expression 331311 3131 9113 1 311313 Line 31311 9111313131135 131 11351 3113131 131315 311 151315 13131 131311 31131 1 3113131 313131
सारे 3111333131 ये Line 33131135 313513 3131 थाक्राब्व, प्याबि set ८1 ये Line 13113 313513 31315 12131 313121 31115133 131

