616166 166 6661 616166 616 6116 1 6165 1661 6116 661666 166 611 616 61616 61616 611616 6
66 6661 61166
161616616 6661 66 61161161 1666, recently 61661 6611611166 costume-61611616 6611 1661
6 61161 61161 jute 616616
616161 Plane jute—6 61616 161616 666 616 6616 किटू extra 661 61661, 66116
‘66—'61 61166 1616 611116161661
दृ 66666116 1666 61116 ‘61666’ 616616 61616616 । 61661, 66116616 6611666 61
6116166 166’ 616 6161 66, 61616 616
6661 61166166 156161 61616 616 । 61166 661 161616616 661 616 616 6616 6166
16 61616616 6161 1661616 66 616 6
616 16311666 1616 1 66161 झूठे 616 1616 6161166 61116 2166 616 616161 'लिका' 6161
66 616616 61616, 1 611616, 166 666
16 पूर 6661 1661 161616616 61116 616616 61616, 61 किख 66, 161661 166, 6
66 616616 6661 6116161, 166 666 66
61666 16 66 616161 166, 1661 हूल 611616 | 1666 6616 66161 निशान 6616 61
, 66666—6 61161 166616 61616 616516
665 6116166 616 २८१ ० 6161 1 666 66161 616 making 61616, 611616 616 6161
| 666 61161166 6661 challenge दिब्त 16,
66 6616, दि .616 661 616 | 616 616, 61116 1616 6116 16116616 66616 । 16 16616 विवाह 16
116616 1 New empire—6 6115
61611161 661 1666 16116616 16616 661, 666 1616 616 166, 666 16 66 16116616
6116 66616 611661 616 611 6116 6
1611616611166 6161661661616 61116, 6 66 616616 616 6616 611616 61 challenge
61 66, 616 161661
० 6616 666 6161 66166 661616, 666, 666 161 नू' 66166 6661 16616616 16
61 611166, 1666 66 media culture 666,
telivision culture-E र्दलूम्न दि Cinema culture र्दलूम्न, ८छा र्थीस्मद्ग coun
ter क्तडाद्धां डाबा, न्नाक्लिंदृ ज्ञदृन स्कृद्गदृहृ द्रुरैर्चि खात्माद्ग sense of

glamour-61166 6161161 66616, 61 6116116 1666116 16166, 66 61161 1661616166116
6116 66 61116156116 ? 161616 बिडिज्ञ
technology 16161161 6166 666, projection 16161161 6166, video project 6611
61 61661 66 161616161156, back drop6 6661 6161666 6611156, 1666, 611161 painted, handmade—6 6661 tren
d 166, 16616 16 6116666 6611166 61 66116
6116116 166116 166166 ?
उ" 61116 611161 611616 6661 611666616 661 6161 । ष्टिप्तक्यादृदृव्र, 1616 611616
616 61666166 6666 616166 1661 Producer 1
6661 production 166116 6616 66, 161666 16166161616166 । 166 666 6161
क्या 661, ठिक द्मइडादृक्त 616616 661, 166
1616166166116 1616 16661 1 616 production6 जिने 1616 1666 background-6
61116616 किटू चान्चशज्ञ 66166 61 1 1661
616616 66166, 1661 श्व किटू slide 666 66 slide 616116 61661666 66 1616
paint 66166 1 661 66 61161 161161 61611
66 61616 “1161616, 616616166 166 Painter 66, 661616 ष्ठज्ञक्याद्म किटू pa
ttern दृछबि 661661 66161166 क्षे` ज्वाबूंल्लीद्रुन
project 661161 इछ 1 66616 666666 666 'क्लब 16161 ’ 61616166, 666 61516 6151
6, 6616 श्किटन ष्ठद्रुब्व 161166 611616 62116
हिन 1616 61616 516 6166, 6116 61156 6161616616 6161 6661 6166 16161116161
6166166 1 611616, 661611 किटूहे 66,
6661616161616 1616 661 । 616166 6166116 6166616 61116, 1666 1661 रनि 1616 ma
gic like 66, 61616 1666 616 6111666 66
66 616161, 61661616 166 616 6111666 6116 61166 1616 1 611661 61166 6161
16 1616 लाह । 666116, 666 616166 glamour
61611616 661 666 661 1616 61 166, 61116 1666 66166 61161 नह । 61661161
नह पुष्टि लाश्याहे, 16 61116 6166 6616, 6661
1616 6661 16161 6616, 616 6161 666 technology 16161166 66161 61
6166 6661 566 61116, 166 161616 166 661
6661616 16661 1616 616 1 61616 6161 1666, 61616 61116 61 1 616 611616 616
इब 66161 6116616 6616 616616 । 1666, 616
'आबू द्याव्रद्रुब्जिधूलेस्ख' 16 net-'61 616616 6161616 1 1661 दिन 61661 61111616166
166 6116 616 6161616 6166166 16 plastic
616616 6616 1661 1666 611616 6116 6661 disturbing 616 616166
1 61661 65661 61116, 666166 1666 161616 166 6661
6161 616 66166 1 666 166, 616 161616 घृष्टिउश्रि 1616 661 6161616
66161 611616 61661161611616 limitation 611161 66116
161 611616 611611661 ठिक communicated 6616 1 61166 611616 616 66,
6161616616 technology 616616 661616 616166
glamour 61616 61 1 616611, 61616166 616616 6666 61 616616 6616
616 1
० 6616 6661 related 21616616611661, 611616161 616 6616 611161 161
6116 1616 back drop—.6 6661 tradition 166 1 61161
6666, 616616 611616161 66116 'बिनिवाब्र न्द्रदृनहेंकिब्बेपन', 'मिद्रुब्बद्विउ
166166’ 161616 616616 616166 1 किन्तु 666 पुरे
technology-6 161166 1616 photograph— 16 66166 66 66 print
616 16661 61156, 61 66 61616661616 6116161 दि 611611
16166 ?
८ 611, 61116 161616616, 6166616 61611616 6166166 666 'शक्
लो 611166 शक्लो' 616 1611661616, 666 6 666 6661 back
drop 16161661

6 1 661 166666, 616161 back drop 6116-6 666 161616 16661 1 6116
166 611661 किटू 61611166 61 1 611616
technology 666, 61166 616116 161161 611161 61 6116 611616 66, 666 61
photography— 16 611661 6116 :66 611611661
666 real 61166, किह 6166161 61161 real 66 1 61166 616 66 666 61
6 15616161 pointout 661 616, 16 6616 6156 6166116,
661 61166116, 61616 166 661661 611616 616 6661 611166 61166
6161 6166, 1666 61116, 611616 61166661 1616 काहि

