61611116 61666 1661 6916961 66911666 61615 6916611 61666 011616, 6661666666 91166 1 61916, C6666, 61116 C6 66911661 6616
666116, C9161 616696166 6161 666 661 ८1७ 6161 श्व C6, C66 C66 शक्या क्तद्यव्व C6 911661 66161 66 166166? 6916: 66966
61666, 611661 C61 666 न्चदृबि C6 61666616 61666 C66 6911 66616 16
61 C916 6166661661 611616 6616611 166616, 61 जिने 611616
how di di di di ......... 66166 66166 शांक्सी ष्ठद्रुव्व C9161 1 616 6666 616 619116 वक्त 666 69161 1 6116661 16616666 6666
Cﬁtﬂﬁfﬁﬂﬂ61661 क्या 66166116616612 166, 616 6911616 69916 661 611 166 616 91666 611616 666 661, C6 6161 C61 61116
6166691 666161 छिड छिड । 61116 166666 666 666 9116166116 61, 616916 66616661 6116 C616 66161 6916916 61116 66
6166616 616 666116, C661 661 ये 1666661’ । 61 666166, 61116 9116 दृ७बि 6666 16166 661616 691661 6666 ७ 916 666 6116
616611 बइ हिठिद्रुटा 6191, 61116 16166 666 1 61 616166616616 666 9116 666 १ जागि 6616116 stage~61 6166 6‘66 C916 1 61 9161616
6166 1661, 9161911 61616 666 116666 6661, “6116916 616669 9116 6666 ७-३ ० निम 661691 C9161 1 ‘6116 616166 66166 stage6 16166

6966 691661’ 61 जानि चिंद्रुव्रह 611691 है ष्ठरुँडाद्रुक्त मूल्कि पिंटब्र 66161616, 616916 6169116991 66166 1666 61666 691666 61666166
61616116 66 91661 691661 911666 ७डि 666 C9161 1 6661 66616616166 61616 666 1666 6666 66116661 6616 6966 166116 1 916161
6666 61616, 6661 ‘66 91115 161666 6661 9116 6616 666 मिनि 1’ 6916 C6, 6116161161 69166161, जानि 69161666 61616 611616 C1561
666116 1 661166 C61 61666 C6 टाडा ७८.1क़३डा 9116, C6 6161 1666 6161 616166 61,66 16 लिस 6616 66 1 616916 616.61 911666 6119161
611616 नि.-) 666 1 91916 C61 6116 616161666 9116131666 61 1 म्नठिस्कादृव्रव्र 9116196661 661, 61136. 61 69166, 6161‘616 66666 ये C6
9116161 666 C9161, 61166 है 666 616631 91116 6166 6661 1 6166 C2166 6161 666166 611666 16
61 6661 C696 61166116161666 रुचि
61669 611616 1669 राज्या 91661666616 6966, 61 61 6661 6916 16616 6666 1 C666 <16, 616-61 611666 जागि क्यडा 6161611666
616 666166166691 616616166166 61626699911166 C61 61666 61666, 6166, 6661 C61 616666शस्त्र 6191 616 6666 91166 1
61 61616166661661,
C616 666116 91166 61 1‘616 6696161616:611166916616 616616 61616166 1 6666669:1611911661 16616166 666 6666 1
० ‘6116 616161 क्या, जानि 61 6119161 166166 react 66666166 666166 6116 ८1७७1 666 666666161 616666, 66 611691 C61
visual back drop 616: performer 66 मूदृक्तबद्रुन्द्रदृ निद्रुऱहि ष्णडा 66166 166 691616 166 6166 6916961 न्याबिखिंलिठि, 6166
performer विवि 916161 661666, 66161666 61666 661791 61191661 focused 6666, 61 ७८1 61191166 61191616 66 16 १
८- 6916, 61166166 0911616 65616161 166 611616916 61661, worldwide—6 C616 6161 61696 6166 13661 1
० 61, 166 66669661 616661 616166 1661661666 616616 16 666 :9 C66166 6616 61166166 69911616 61616 6166 666161 1
अर-की 016666 जागि 66 912161 6166 61 1 6166 1669 66 6116911666116 611616 616 6616 6.6616 1 6691166 611666 6666 6666 6166,
C6 911616156 61116 066166 166 616 666 1 66, 61116 6616 C666 6616616616 616, 66 C6666 661 611616 916616 C661 खानि
मृडक्तस्वाक्यास्तास्ख 911616, 69166 6916 611661666 C61 ‘611691 666 C91661 6666 666613166 वैनैच्छिका, 6661 दाहिनी, 69166611 166
69166666 1 ८1 66666 166166 611616 666 C61666 1666 611666, 6119111 1666 611666 6161 166 66 666 616611 9116156 61, 6116661
616661 6666666661, C666 C6666 क्या 666 6616 916661 616616666 616616 6666 66 69661 1 6666161 1666 916661 911196
91666 क्या 6661 1 6166611 616616 6666 91166, (6116) 1 166 6916661 C61616661666161 616166 61, 69166611 trend 66 1 69166,
6116616661 61666661661 C6 6616116 661616 6661 6616 C6166 9166166 C661 666666 91666916 irrragination-6 6916
661616166 C666 1666 666 1 6666, 61616 666 6661— 'ये C6 9116166611111 6161 16, 0691166 911616 911669 61691691666161
C666 1666 666 1
० 6111961 611691C666 691661 बूद strict divition 1661— 2166116616 16666166116 66216616616 1666616, 61 61916 66919116 61661
6616611191 6616 21616 661661 C61616 61661 616911661 C66 6661, 6166161669 6.616 6661136166, 66191166 space—616yisua1 ।
61 66 C6 66 2161666 context—691 space-6 6661 change 6666, C661 66631 616666 616161 6666?
उई C916, 61169166166 611616 6116661 6661, 9116666 91666666 61669 61166, 61661 C6161 666, 6916961 6161 669136, 66 616
611916 61 66.6, 6916916 divition—6 61666 61 6666 C666 911666 611 61691, 6916 166661666 66661 ‘611616 666 666516,
6961661666; 661 616666 666 616666 1
० 616661 16 1666616 C61—6191166166?
.6 616616, C66 661
० 96111961, मृआ'श्याद्ग 16 666 66, 69161666 16616616 166666 616 696661 61.6 691616 661 166166 6916‘ 666 :9
८ निद्रुख्तान्ददृ 61666 function 61666 666 1 as a painter, as a artist 66 69666 166 166666 611616616 6661 C9166 1 69166
91165161666 ७ 9166 @166 66 1 91166161696 6166 6616166 @1691 69.666 91166, 61 61699116 चूत 66691911 66666 911651666 read

