1
651
515
11
655
616
511
165
516
551
16
615
51
516
51
515
665
511
%
611
्डिन
र-शड
151651151 165516661 616251661 515551 काबिना थिदृव्ररुँव्
।
666
651
551
1
655
151
615
61
511
515
त्मा
न्धा
दभ
ज्ज
हृन
टेंपो
ि
खान
:
116
165
66
55155161 6151511 55115151511 55151 611% 5111666 । थिद्रुऱछिव्र 61
।
616
651
551
11
655
न
मि
1
651
511
66
51
1
551
165
115
356
51
656
165
16
क्यश्या टेभेवृहैद्रुव्रभ 56561 निदृहृ 615

।
ह
ष्ठ
्थाह
निंस
स्था
त्रि
51
516
655
551
61
165
“55
6
55
16
51
151
665
त्रघ
रब्व
याद्
जीजा 5155116551511 61516 द्विज (ल्पत्स्था ठीक्
।
6
651
511
11
555
556
11
615
ंनाइ
त्यो
बा
्जि
जाल
निर
थमृ
ा
ान
आड
भ
भबू
रि
जाब्
हृज्
:6 66515151 6556 5165551 देंगे
ा
िंश
ाबह
त्स
बूइ
यघह
्थ्
ीशस
हैर
ृ
घमूद
प्वा
चि
७३
ॉब्रि
रुब्ल
दृमद्
मा
1
8
5
३
हद्र
511
655
11
5115
थिद्रुघ्नरुँद्म 611%6 «21566565161 6151651151
1
166
156
651
511
%
611
ाल
स्य
11
515
665
551
551
1
516
251
11
655
551
िना
काब
551
5151
निदृह्रना 5165566 । थिद्रुव्ररुँव्र ख्याल 616511 छनि दृव्वबिचा
1551
511
666
165
51
511
616
1
516
616
6
66
1
566
515
151
665
6
61
61
5
616
251
61
66
5515151551 61516 (मी 6166 51616511 55165115 61
11
615
र
नथद्
स्ता
दा
्जि
घाल
्या
वाक
ि
कान
ाल
स्य
61
565
615
6
०
a
5
है)
5651661 615135161 56551 जनि त्सान्नदृद्मबदृन्थि । प्याशक्या स्कास्का ३३
खिछा
दृर्
-स्त
त्का
या
शक्
6
651
556
%
611
51
551
56
156
651
1
656
511
551
1
151
515511651661 6161655116 51651511511 1655.166 61661 516516
री
ात्
ठछण
65
61
11
65
11
655
516
11
615
661
511
651
516
1
566
56551 511515516516 61516 551516 5511 5511511651161 कृहृना 56551 555116
्वा
बिस
1
5515
511
616
6
516
165
56
661
165
555
511
11
615
51
1515
5515
1
516
615
51
155
516
6
166
615651 टेंपो क्या 566156 51551511 55151 551
5
56
61
1
6
511
616
551
%
611
51
565
61
66
51
11
615
161
5115
551
1515
5125
1
6
651
551
551
511
ख्यादृब्व शानूना 55151 611% 5566516 515115511 56551
।
16
665
551
551
11
615
11
5115
61
151
655
16
616
ल
छा
511
5151
5511
511
616516516511 की श्याइब्बन्नघ बिव्रच्चन्नव्व मिइख्या 51651 61516 551516165

5
616
251
56
56
16
25
551
6151
551
5151
561
651
115
551
51
511
511
516
1
516
6
56
26
1
165
55151 61151511 55115515511666 516651, 511665
1
16
15
65
66
61
61
5
616
251
16
615
6
51
66
66
551
5151
1
1516
5111
5151
166
155
551
1
625
1,
155
6166 6511516 निख्यि 56151551, कोनों 655
661
511
515
ा
तप्त
८शब्
्जि
रुऱज
थिद्
न
िबा
णीब
8मा
खाए
त्री
दव्र
ड्या
ख्या
की
8\‘9
5
३
३९
166
5.1
161
515
51
116
616561 56151551 551166516 । 551655
516
165
551
511
5
116
515
1
151
515
11
515
615
551
511
1151
5155
11
5115
6161
511
1
151
बिठिइ 61516 । 616661 5115155516 5516165165511 61516 665
616
151
515
16
65
51
51
616
1
116
565
61:
—51
151
515
1
516
511
615
663
66
61
51
6151551 बिद्रकूइ निद्रकूद्र खाइनद्मन्द्रम्मा 51651 616151 665165
5
151
615
51,
516
ा
धज
61,
151
515
16
65
51
1
65
61
1
651
511
515
551
6151
6
516
551
11
551516 516511 5165166 61515161 6161616 51116 615
51
551
516
515
511
5
65
66
61
51
615
51
651
651
1
155
616
1
166
566
511
8
615
6
66
61
516516 655165 51616 61515161 651551 61511 65
561
516
66
61
1
115
155
615
1
516
551
ि
कान
65
61
6
515
665
551
551
511
661
651
61
16
56
61:
—61
देंगे हिस्का हद्यादख खब्बू 5116665161 611651
1
651
151
11
551
655
516
155
551
161
515
11
665
661
51
661
टेंपो
।
16
66
516
651
151
6
16
61
515
1
655
6316 61516 61651151 1655166511 551516
1
6
511
051
16
511
ग्ना
रटअं
काद्
ब्र
िचूं
न्यन
ा
ंस्न
िबचि
ुशेब
घद्र
स्वा
री
दृत्
द्रा
न-फा
जामि
16165 खानि थात्मास्कूना ष्ठ६थि ।
1
66
56
61
516
516
516
11
615
111
516
51
665
1511
1655
6151
66
16
511
8
३
खार
कौ
प्टे
5516551161 515161 51161 6151511 ३६ ३ 5 8 १ की स्का
51
651
651
1
65
11,
615
’,
6551
,
16
66
61
511
166
515
ि
छन
511
666
165
51
511
516
ना
मून्
ज्वा
।
16
6511516 6165 615,551 61651151 165666511 561
1
61
665
561
61
551
66
61
दृ
वदाब
दृव्
चा
उच्
11
615
51
155
515
61
151
615
515
6
151
651
1
516165
1
56
16
56
61
ना
ाशा
ष्ट
।
6
651
511
11
615
151
156
615
561
6:1
615
1
151
३६ 5 5भी० 6 6151555 61161566 «1651151 165516651 5115116 515
1
656
511
51
16
51
6
51
61
1
65
51
751
511
61
165
551
6
51
51
11
555
11
615
511
155
555
6
66
666165 5511615551 ७३१। 61651 516511 61511511 66
6
61
11
515
515
11
615
1
51
56
11’
655
511
515
‘61
1
155
615
।
हरै
11
65
16
55
16
151
55155166516 । ज्वाद्रुनौबा 615156151 61651 515151551 6651511 «51651
म्मा
्द्र
्थान
चूंस
ला
’
ली
511
165
551
1
15
‘6
11
165
515
511
151
615
66
51
16
56
51
551
1
66
61
515511655161 551551651516 । तौला 61511 515511655151 15
1
151
515
551
1
1
516
515
1
516
516
165
155
655
66
6
61
16
55
6
16
15
15
61
151
ि
615
।
डायना ज्ञपूत्री ज्वाठख्या 5515151551 515511511 दृव्वननबा ध्वाश्मब्रक़ब
515166 51165511 551511 565116 5515151: 55151515516516 1

1151
5155
11
5165
161
616
65
661
551
66
165
515
16
616
्व
ज्याब
51
5515
5166
5515
61
5151
61651151 16551666 51651 61616 551651511
51
115
155
616
51
556
615
5,
165
515
651
516
1
155
616
55,
566
661
1
615
615
5311
6
15
66
5155115161 651661 516561 5515516651661 66

