(Wit/g
Bait

1111
1111
1111
1111
1111
1111
1111
1111
1111
1111
1111
1111
1111
1111
1111
1111
1111
1111
1111
1111
1111
1111
1111
1111
९111

ा`
1क्य
1111
1'11
1111
1111
1111
1111
1111
111'
1111
1111
1111
1111
1111
1111
1111
1111
1111
1111
1111
1111
1111
1111
1111
1111
1111
1111111111111111111111111111111111111"111111111111111111111111111111111111111111111111111111111111111111

.49

11
13
11
11
11
11
11
11
३1
11
11
11
11
11
11
11
11
11
11
11
11
11
11
11
11
11
३हूँहं111111111111111111
.- 'b
1111

Com/ﬁgment:

२८

f'com-

i
j
r
a
h
k
o
M
B, K.

s
r
e
t
c
a
r
t
n
o
C
8
s
r
e
e
n
i
g
n
E
g
n
i
t
Consul
,
h
t
e
p
s
a
d
m
50, New Ra

N AGPU R .

111111111111
1111
1111
1111
111५
1111
1111
1111
1111
1111
1111
m
1111
mm
mm
um
uu
l
mm
um
un
11
111111111111111111111111111111111111111111111111111111111111111

11
11
11
11
11
11
11
५1
1.
11
11
11
11
11
11
11
11
11
11
11
1'
11
11
11
11
11
1111
11
11
11
11
11
11
11
11
11
11
11
11
11
11
11
11
11
11
11
11
11
11
11
11
11
1५

111
111
111
111
111
111
111
111
111
111
111
111
111
111
111
111
111
111
111
111
111
111
111
111
111
111
111
111
111
111
111
111
111
111
111
111
111
111
111
111
111
111
111
111
1111111111111111111111111111111111111111111111111111 111

11111111111111111111111111111111111111111111111111111111111111111111111111111111111111111111

फ्लू 11111111111111111111111111111111111111111111111111111111111111111111111111111111111111111111

1111
1111
1111
1111
1111
1111
1111
1111
1111
1111
1111
1111
1111
1111
1111
1111
1111
1111
1111
1111
1111
1111
1111
1111
11111111111111111111111111111111111111111111111111111111111111111111111111111111111111111111111111111111

111
1111
1111
1111
1111
1111
1111
1111
1111
1111
1111
1111
1111
1111
1111
१111
1111
३111
1111
1111
1111
111111111111111111111111111111111111111111111111111111111111 1111

1111 K
.11
11
1८
-९
11
11
11
11
11
८
11
11
11
11
11
11
11
11
11
11
11
11
11
11
'111111१1111111१111111"111111111111111111111111111३1

a

