शत्साव्र 1211121 212121213 221, 2121 ७1३' 212111212
दो उनौठि 211512 21221122 122212 21112111,
121212, 12222211 212139112 1 21122 211512
21211221 121 212111222 221211 2121211122 मदं @1212

2211221 1111221 121122 शर्मन

21122122 21211211 2121121 2121

91281112 छूष्ठिछ भिबिन्थ बिटमांमिनौद्म 122121 क्या

मुक्त त्माप्तपां क़टद्मदिस्वान 1 1611221 121212122
“211212212 212 12122 212212 लान थाख्या। क्तकेंबब्बव्र

दृष्ठशताठेरंटन्चदृ 2‘2 212 12211121 22212, उन्हें 2111511-

221 1” 2112122 21212 2121121 21112 2121121212, 22112

13121 11111122211122 2121121 “21121212 11112221
211222 2121 2121 2121211212 912121112 ट्टर्ज 2212

12111212 112121 1212 19112112122 ; ८1७ 21121222
2122112 9112212112121 21191212‘121 1212121 'आखा
स्थान श्याश्वा रूखा 'अछा 21212221 21212122 122121 यस्या

खाक 12121 21212 1

धान खीद्ग "ध्यानं 12121 121121111 1212111221112 “222122”

उन्हें ताभकृदृक्शा'

11522121 121122112 16191 1212112,” 91112 2121121

1211221122 2211221212 “2221—
21212” 21121112122 2129121 21112, 21211122 मस्क

21212 21212 2121 22121 21191212312 22212 2122

2212 2121121212

“21112122121121 2112121, 211 12121 1111221 121121,
2112 थे थानबिदृव्र 1212121 212 21 121121 12 उ" 121112
121221131212 2121121212212 12212 12122221212121

2212 2112 1212112 11521 2122, कृशन 22112 हव्या

2121212121 1 21111151122 2121121, “211211122 12121

श्य-दृइ जाम्जावडिबयों बक्तंवुश८1, 21121211221 माइम
2112121221122 12113112 “2221” 212122 121121

211212212 भूला इनहे, उन्हें घिद्विणथाहू 12121113

2119121122 21215112 1212122122121 121121212112

12121 अबौत

12112221212112.1112 21211212121 1 1111221212 छज्जा

2112121122191- ष्टाडिखाख, 21121121 लेनिन्थ णठटक्तव्र
21911222121212 दृमब्जि 13111212121131 न्धछिभखा,

21121122122121 1 21122212 1212121 21221211”

121131 2221212 1

1211221 2111”

12221

“21211122

21121221 22212121 2121 2122 बाहे` मनिला-(महे खादिबांग
22, 1221212, 1222112, 22212221221121, भटड्रज्य

भिका 2162— 21 21211212122112 ट्टर्ण 221 2112112121 1

वावूला-द्मत्सा 2112 212122 912191121221 12112

1211221122 21112 22112121 311221 2212 2121 @9112-

12122122 सुङ क्तटदछिटब्तन, 22 1211122 2211212
139121222 211212 22212 B1212 13912 निऊंव्र

1
2112131
2211212
1
21121122
1
212211
221212
1
212
1
21
B111512’1
221
2122‘
221,
21312
121211 211211212

211211122 बूट्स बिटदष्ठमांव्र णरूवार्षिकौब टाणग

121112 211212221 12211322 2121122122 12:1 12:1 212
211512 212 1 21212 21222111122122 नांठेऱगांव्या
21212 161121 211121 221211 2121211122 211211122
2111319121 ट्टर्ण 2212 शव 1

21212 212121, “21111122 2212122 21121121 12212

212121 121122 212 22 खाज 12121122,” 22122121
12122112121121 2112112 121211212121 212 2112
1211211122122 2211 12121 21121261 21121211212121

1111221212122 12212 12121 121121212 111251
12121 2’12 12121 911112221 21221 at12122.1 211122
221211121222 2’2 1

517% ८1 बुखिंण जाड़ेन बदृटब्रदिव्व

21312221211122 2212,12 21191112 211912212

1212 21121212 2113121121121, 22 1211122 21312
12112 1211211512122 121121 1112121 “21131122” 212

2111222211212 2221 2’12 2121 211212911212 मूख

2161212112 1512

2112 2121 212122 21113121111112 1221 1811212 आशा

2112111222 121212, 212‘ 135121 212122 21211121
2191121221, खाहे फँस्ता काजाथादाट'एठद्म 2122 21211—9151

1212.1 211211122 121121121 2121221 ठिक 212122 1

21121212 211121121 1 1111221122

21211122 21122121 2111221112215 बिटतामौ-द्रक्यान्ना
किस्वाजियानटनद्म 22112121, 1212221 2112121212

खोंता 2111212212121121 बौछिहे 211122 21 1 बाँया
प्याटक्शन्र्व बन्धायांजा क्नॉटथ गृव्यास्याथद्म 211212 15112121

21121 2161221121 121211212 2121 12112212113121

