181

यमिभौ 616161 2.1666 'Music Director काबिना नूनिथि ।
भनिगौ Credit 61666.- Director कानिभौबि ।

61616661 1616कौत्नानि ब्तभनिनौ 6166166161 6661 52116161
1666666 1 6166 66666 Brecht 661 लौव्यागौ ८1७६ 6616
6166661 6166191161 तारो क्ताइन्नदा (:८दातमैंनथिबद"१त ज्वानिच्चढ चाहों61
6161 6661 1211616 । जामाता ज्ञातैनें ७हेंव्रन्चनुह क्रदटैव्वमांकनिगौ न्यहृ1७
ज्यादुहद्र स्थावैनै 661611 1216166661 1611616166911 च्चनिगौ क्लदच्चा

6616 66 61161691116661 161166616116616161 6616 1
।
ताव्र
८लौख्
661
611
66
666
166
661
61
1666
66 हुंद्रभ 61661
66:1 बादो…6166166111666, 61661 6116166391भौ 161161 1611616161
666
611
1
666
191
116
616
166
669
166
6
6116
6111
16
616
612
6611 616

66
61
11
616
61
661
661
1
616
161
611
1
691
661
616
161
7913
6111
61,
166
हा
आम्
116
666
16
666
66
616
1
161
616
61616 इमौ ८छत्रीना 916
'

651 6161 नुब्रादकथि 1

6161166116663 26161161 1661616616161, 6161116161, 661661
661 611661 161616 । ला७1१कूगौख्यावहुँ पूर 6116661 61661 61911 61661

6
61
61
21
61
ायौ
ब्ल
1
66
16
6
61
61
1
66
16
61
61
11
61161161661 616
616661 616616 1

261616 6111611 1516166661 261611७ नुकौवा 616616116661
6666111 261616661 621661, 611561666161 161166166161 661

91166666 26161661 निपू:ग्रेनिदात्ने 6.6661 ८ब्त1५हृबूत्मा 666 66661
1
71
1166
1616
16
6616
6
6166
61
ठ
6116661
66613161 261161661 6166 6116911 611161661 6116116 616611

61' 6166661 616161661 6161 1616316116661 ८छत्रोंफूर्च३1 6161166
भूक्योंतृक्ति 6'51 61611 616 666661666 6666161161161 661
1नुह३ 616166
1661 6166116 166661 91116 616
66661 61166661 2661

16661 611616671 616661611
M

