4
44
44
44
44
44
44
44
44
44
44
4
444
444
4
4
44
44
4
44
444
444
444
444
८८८८८…4444444444444444444444444444444444444 444444444444444444444

4
4
4
4
4
'
'
'
4
4
4
4
4
4
4
4
4
4
4
4
4
4
4
4
4
4
4
4
4
८
८
८
८
८
८
८
4444 44444444444444444 ८८८८ [ है ८ ८ ८
८
८
८
८
८
८
.
८
।
.
.
.
.
.
.
.
८
८
4
८८
८
८
८
८
4।
4
4
4
4
4
4
4
4
4
4
4
८
८
८
८
८
८
८
८
८
८
८
,
८
८
८
८
८
८
८
८
4 44444.4८4८८4 ८4444444444444
444444८८८44८८44८८८44८८८444८4८44८4८44444८4८44८4८4 444444444444444 4 4 444444444 4 4 4 4 4 4444 4 4 4 4 4 4 4 44444444444444८८८८८८८८८
""""
"4

4

।

=44—
हूँ

44 44 44 44 444444 444444444 444444444444444444444444444444 44444 44 44 44444444444444444444444444 4 4 4 4 4 4 4 4 4 44 4 4 4
4 4 4 4 4 4 4 4 4 4 4 4 4 4 4 4 4 4 4 4 ...... 4
44
444 4 4 4 4 4 4 4 444
4
4
4
4
4
4
4
4
4
4
4
4
4
4
4
4
4
4
4
4
4
4
4
4
4
4
4
4
4
4
4
4
4
4 4 4 4 4 4 4 4 4 4 4 4 4 4 4 4 4 4 4 4 4 44 4444444 4 4 4 4 4 4 4 4 4 4 4 4 4. . . . 444 44 4 4 4 4 4 4 4 4
4 4 4 4 44 44 4 4444444444444 4444444 444444444444444 4 4 4 4 4 4 4 4 4 4 4 4 4 4 4 4444
44
444
4
4
4
4
4
4
4
4
4
4
4
4
4
4
4
4
4
4
4
4
4
4
4
4
4
4
444 4444 44444 44 :444 44444444 4 4 4 4 44 44444 44444444444444444444८
८44444444 44444 4 4 4 4 4 4 4 4 4 4 4 4 4
4 4 4 4 4८ 4444 444 .4 44 44 44.4 4 4 4 4 ८4 4 4 ८4८4८ 4444444 4 4 4 4 4 4 4 444444444444444८८८८८८८८८८८८८८८ 4 4 4 4 4.
44 ८444444444444 4444444444444444444।44444444444444 4 4 4 4८८4८4८4८44८44 ८4 4 4444444444444444444 414 44 , 4 4…4 4 4 4 4 4 4 4 4 4 4 4 4 4 4 4 4 4 4 4
८
८
८
८
८
८
८
4
4
८
4
4
4
4
4
4
4
.
4
4
4
4
4
4
4
4
4
4
4
4
4
4444
4 4 4 4 4 4 4 ८ 4‘ " 44444 4444444 4 4 4 4444444444444444444
4. 4 444444444444444444444444444444444444८4८4८ 4 4८4८4 4८44८44८4८4८4८८4८4८८4८4८ ८८ 4८८4८…4८८4८८4८८4८८4८4८८4८८८८८८८444444444444
८८८८८८८८८८८८
4444 4

4 44444 44

८८८4८44८4 ८८८८८

4

"आ

८८ 44444 ८८८

ह
ै
"
३
३
८
८
८
८
८
८
८
८
८
८
८
८
८८ ८८८८८
८८८८ ८८
८८८८ ८८८८८८ ८८८
८ ८८
444444
4
4
44
4
4
4
4
4
4
८८८ ८८4८4८44444444444444444...
4
4
4
८८44 ८८८८८८८८८८८८८८
4
4
4
4444444444444444444444444444
4
4
4
4
4
4
4
4
4
4
4
4
८८८८4८८८८4444444444444444444444
444444444444444444
44444 44444444444444! 4444444444444

