1-.— 8‘—

9ch ‘99999’ 9 26२८१ 99 99 99999

9999999 9199 99999,

9999 999999 I 9999 क्या' ' <9 9999

99 9 999 I 99249999 91 छा 99199

9999 919 999 9999 I 99999 99999

999 999999 I9I919I 99°99 99999

99 99-

999999 999999 9999 9999 I 999999 99-» टाठदेंरैध 99939 999 I झामा 9 क्या
99199, (99.9 9999,9991 9909999999 99999 99 आयें 999 am 9999 I 99
999, 99999 99999 क्या। 9199 99199 9 99 9999 99i99 999999 99999

999 जा ख्याहँदृझा घुस्सास्सा 99 999199

9999’ I 9999 999 99999 999999

99999 99 9999 I 99999 9 9 999 (9 999 9999 9999 9999 999999
999, 9999 (9 999999999 9999 I
999 99 क्या; 99919 I 99 9999999
9I999I99<19I99 9999 999 999 (2

पूछ

999 999 9999

%%'®@@I

929999 99999 जा] 99 9999
9I9 9I9 9I9I9 I

99:9 I

आस्की… 9999 टुढखु। (9 92999999
9999 क्या 99:9 999 क्या I ‘ 999:9 ’

999 9.99, OI99 99199 99 999, 9999

999 9999 99239 9999 9999 9999 I

9999 (a 99 99999 999, 99 9’9

99 999 9'99. 9999 99:99:19 I

999 999999 ‘2 9999 999999;;
99.99 999999 9919999 999999999

(1999 99 9999

9999 स्थाई] 9’

999999 9999 अटा हइस्साध 99999 I

999 99999 999% 999‘ 9999 999 6199 I 9:9 99 99%‘9 999 999 9999
99999999 9 99 99799999 99999999 (9 99m“. 999 (999 999999,
999
997 99929 999 999 I 9999 992999 99999 999 9 99 999 99999 999 I
.an 99999 999 99, 9999 99 99
9999 999 9939999 की 999
9:9 999 999 9999 999 I 99 9999
9999 999999 999999 999 9999 I 99999 9 999991 99 99 999 9999.9
(आस्था झुढ'नुहृघा 9999 99 छाला

999 (9

9999 9999 (9 ८३१ 99499 स्का। द्वाडे
ढझा 9999 999 9999 9999 I
9999 999999
99999,
9999

999 999 9:99:99 999 999 I

999999 999129 (मु/तु <19 999
(9919 99 9 बुबु 999 999, 999 9999
क्या 99 999 9999 I

9&9 '

